1766633893570127807
1766633895579794412
1766633896589328291
1766633899598537018
1766633904607790245
1766633905617003075
1766633906626412770
1766633911635756962
1766633912644941816
1766633915654177662
1766634282621075662
1766634284631878439
1766634287641055659
1766634288650304161
1766634290660612326
1766634294669959037
1766634297679320891
1766634301688388108
1766634305697453904
1766634309706535406
1766651607906707661
1766651609916630292
1766651611925962921
1766651612935257759
1766651615944404403
1766651620953723943
1766651625963268803
1766651630972460799
1766651631981521837
1766651633990851948
1766737999504682048
1766738000515844232
1766738002525327427
1766824309593128814
1766824314603267585
1766997429615191592
1767083666964819614
1767083671974759017
1767083676984328125
1767083681993634602
1767083685002930267
1767429117754182954
1767429122764991696
1767429123774537622
1767429127783997675
1767688630275164627
1767688635285092544
1767688638294376544
1767688643303752890
1767688644313137878
1767688645322693359
1767688649332105813
1767775007578299014
1767775012588221223
1767775014597351932
1767775019606589786
1767775022616334663
1767861388606350233
1767861392616482642
1767861394626343099
1767861397636231197
1767861402645934961
1767861404655731518
1767861408665489731
1767861409675069409
1767947788189509620
1767947789199268691
1767947792208718845
1767947793218173474
1767947797227547968
1767947801236872574
1768033883117499074
1768033886127488654
1768033889136991273
1768207096996969306
1768207098006765359
1768207099016072501
1768207102025347687
1768207104034748085
1768207105044351171
1768293379688143510
1768293382698097339
1768293383707492388
1768293386716971063
1768293387726361439
